0,310
0,305
0,308
0,307
0,302
0,304
0,303
0,12
0,10
0,8
0,0
0,561
0,503
0,300
0,531
0,502
0,299
0,540
0,501
0,298
0,548
0,500
0,297
0,539
0,530
0,296
0,529
0,455
0,295
0,499
0,454
0,294
0,498
0,453
0,293
0,538
0,452
0,292
0,554
0,528
0,291
0,565
0,451
0,290
0,497
0,450
0,289
0,496
0,449
0,288
0,493
0,448
0,287
0,527
0,492
0,286
0,526
0,495
0,285
0,491
0,447
0,284
0,537
0,446
0,283
0,536
0,445
0,282
0,489
0,444
0,281
0,547
0,488
0,280
0,546
0,490
0,279
0,486
0,443
0,278
0,485
0,442
0,277
0,487
0,441
0,276
0,483
0,440
0,275
0,559
0,482
0,274
0,484
0,439
0,273
0,560
0,438
0,272
0,553
0,437
0,271
0,481
0,436
0,270
0,552
0,479
0,269
0,551
0,478
0,268
0,480
0,435
0,267
0,525
0,434
0,266
0,524
0,433
0,265
0,550
0,432
0,264
0,549
0,431
0,263
0,522
0,430
0,262
0,523
0,477
0,261
0,520
0,429
0,260
0,476
0,428
0,259
0,521
0,475
0,258
0,474
0,427
0,257
0,473
0,426
0,256
0,472
0,425
0,255
0,424
0,423
0,254
0,519
0,422
0,253
0,471
0,371
0,252
0,558
0,370
0,251
0,421
0,372
0,250
0,566
0,420
0,249
0,419
0,369
0,248
0,418
0,368
0,247
0,564
0,367
0,246
0,470
0,366
0,245
0,417
0,365
0,244
0,416
0,364
0,242
0,518
0,415
0,241
0,517
0,363
0,240
0,516
0,362
0,239
3,3
67,0
67,3
68,1
68,3
70,1
70,3
71,1
71,3
72,1
73,0
73,1
74,0
74,1
76,0
76,3
79,0
79,3
190,0
190,2
190,3
192,1
192,3
193,0
193,2
193,3
194,0
194,2
194,3
194,5
195,0
195,2
196,0
196,1
196,3
204,0
204,2
204,3
204,5
205,1
205,2
205,4
206,0
206,2
206,4
209,0
209,2
209,3
209,5
210,0
210,2
211,0
211,1
211,3
211,2
210,3
210,1
209,4
209,1
206,3
206,1
205,3
205,0
204,4
204,1
196,2
195,3
195,1
194,4
194,1
193,4
193,1
192,2
192,0
190,1
79,1
76,1
74,3
73,3
72,3
72,0
71,0
70,0
68,0
67,1
3,1
3,0
2,5
2,4
2,3
2,2
2,1
2,0
1,3
1,1
1,0
0,9
0,515
0,361
0,238
0,514
0,360
0,237
0,513
0,359
0,236
0,512
0,358
0,235
0,414
0,357
0,234
0,469
0,356
0,233
0,468
0,413
0,232
0,412
0,355
0,231
0,535
0,354
0,230
0,511
0,353
0,229
0,410
0,352
0,228
0,467
0,409
0,227
0,466
0,411
0,226
0,407
0,351
0,225
0,510
0,350
0,224
0,465
0,349
0,223
0,405
0,348
0,222
0,464
0,404
0,221
0,509
0,406
0,220
0,402
0,347
0,219
0,401
0,346
0,218
0,403
0,345
0,217
0,399
0,344
0,216
0,463
0,398
0,215
0,400
0,343
0,214
0,508
0,342
0,213
0,545
0,341
0,212
0,397
0,340
0,211
0,563
0,396
0,210
0,507
0,395
0,209
0,394
0,339
0,208
0,393
0,338
0,207
0,534
0,337
0,206
0,392
0,336
0,205
0,506
0,335
0,204
0,391
0,334
0,203
0,505
0,390
0,202
0,557
0,333
0,201
0,462
0,332
0,200
0,562
0,389
0,199
0,388
0,331
0,198
0,387
0,330
0,197
0,386
0,329
0,196
0,328
0,327
0,195
0,382
0,326
0,194
0,504
0,381
0,193
0,460
0,380
0,192
0,461
0,325
0,63
0,385
0,324
0,62
0,379
0,323
0,61
0,378
0,321
0,60
0,544
0,384
0,59
0,377
0,320
0,58
0,375
0,319
0,57
0,383
0,318
0,56
0,376
0,317
0,55
0,459
0,374
0,54
0,457
0,373
0,53
0,456
0,316
0,52
0,458
0,315
0,51
0,533
0,314
0,50
0,532
0,313
0,49
0,543
0,312
0,48
0,542
0,311
0,47
0,541
0,309
0,46
0,556
0,306
0,45
0,555
0,301
0,6
0,5
0,1
0,11
0,4
0,2
0,3
0,7
